54226376
53868274
54239907
53850834
54192442
54062660
53986981
53965202
54073986
54270955
53997364
53840632
54295177
53997843
54451075
54062458
54073385
53787936
53591918
54404445
54243296
54044627
54456268
54080191
54038307
54162093
54271443
54059485
54106757
54212853
53904553
54073975
53946043
54030300
54010091
53989949
54027848
53846616
53710363
54086942
54080801
54060951
53864337
53991005
53999283
54017334
54057995
54084287
54039643
54073408
53737240
54225042
53965640
54333669
53890007
54364377
53594786
54089266
54057164
54090866
53899207
54089031
53920784
53956478
54230428