25836
25897
25945
25936
25831
25970
26005
25917
25952
26052
25941
26036
25880
25747
26018
26077
25794
26003
25837
26114
26147
25870
25771
26095
25895
25804
26116
26027
25872
26061
26050
26045
25939
25842
25934
25937
26062
26084
26040
25806
26017
26022
25881
26058
26020
25711
26152
26064
25826
26016
25707
26140
26025
26026
26059
26121
26106
26088
25949
25776
26103
25792
25982
25991
25685
25824
25709
25984
25966
25814
25910
25892
26042
26113
25946
26110
26044
26060
25795
26137
25967
25915
25913
25997
25832
26038
25855
25706
25947
26033
25850
25864
25796
25713
26047
26130
25704
26078
26162
25721
25778
25760
25793
25845
25823
25922
25976
25689
25916
25886
25687
25851
25948
25785
25701
25848
26146
26055
26101
25756
25740
25827
25761
25773
25710
26133
25919
25735
26105
25714
25960
26132
25918
25921
25770
25779
26082
25985
26034
25700
25853
25692
25742
25799
25817
25988
25928
25869
25744
26150
25950
25698
25815
25868
25840
25935
25866
25808
26142
26124
26081
25784
25684
25962
25901
26158
25909
25829
25733
26010
25862
25894
25843
25805
26069
26054
25874
25987
26091
25819
25933
25753
25998
25703
25971
25999
26096
26002
26143
26126
25730
26123
25749
26039
25727
26120
25718
25729
25888
25803
25873
25697
25879
26098
26107
25925